Python 3.1.2 (r312:79360M, Mar 24 2010, 01:33:18) 
[GCC 4.0.1 (Apple Inc. build 5493)] on darwin
Type "copyright", "credits" or "license()" for more information.
>>> ================================ RESTART ================================
>>> 

Number of executions for each coin bias: 100000

p = probability of heads 
w = average wins of Player 1 
t = average number of coin tosses

p      w       t
0.001, 0.5011, 999.2666
0.002, 0.5018, 502.3517
0.003, 0.5013, 335.7289
0.004, 0.4997, 251.5834
0.005, 0.5002, 199.8030
0.006, 0.4989, 167.2657
0.007, 0.5037, 144.7036
0.008, 0.4990, 126.7901
0.009, 0.5000, 113.3761
0.010, 0.5014, 102.3911
0.011, 0.4997, 92.4839
0.012, 0.4986, 85.1082
0.013, 0.5045, 78.7614
0.014, 0.4970, 73.7152
0.015, 0.5018, 68.8483
0.016, 0.4966, 64.4966
0.017, 0.4988, 61.0041
0.018, 0.4989, 57.5344
0.019, 0.4973, 54.7056
0.020, 0.5001, 52.0510
0.021, 0.5019, 49.5308
0.022, 0.4996, 47.6062
0.023, 0.5008, 45.5302
0.024, 0.4988, 43.4486
0.025, 0.4994, 41.9208
0.026, 0.5026, 40.3102
0.027, 0.5001, 39.0096
0.028, 0.5040, 37.8853
0.029, 0.4990, 36.6012
0.030, 0.4992, 35.2088
0.031, 0.5005, 34.1967
0.032, 0.5007, 33.2557
0.033, 0.4994, 32.3216
0.034, 0.5011, 31.5068
0.035, 0.5012, 30.5819
0.036, 0.4980, 29.7436
0.037, 0.5011, 29.1162
0.038, 0.5015, 28.2473
0.039, 0.5009, 27.7544
0.040, 0.5011, 27.1649
0.041, 0.5035, 26.3496
0.042, 0.4980, 25.9271
0.043, 0.5019, 25.3745
0.044, 0.4994, 24.8081
0.045, 0.4988, 24.3148
0.046, 0.5020, 23.7619
0.047, 0.5029, 23.3782
0.048, 0.5016, 22.8471
0.049, 0.5001, 22.5452
0.050, 0.5007, 22.0521
0.051, 0.5018, 21.5671
0.052, 0.4972, 21.2862
0.053, 0.4990, 20.8633
0.054, 0.5023, 20.5530
0.055, 0.5020, 20.1857
0.056, 0.5027, 19.9199
0.057, 0.5023, 19.6324
0.058, 0.5010, 19.2730
0.059, 0.5018, 19.0860
0.060, 0.5007, 18.7001
0.061, 0.5015, 18.4562
0.062, 0.4999, 18.2229
0.063, 0.5010, 17.9077
0.064, 0.4998, 17.7240
0.065, 0.5034, 17.5708
0.066, 0.4995, 17.2828
0.067, 0.5006, 17.0139
0.068, 0.5010, 16.7412
0.069, 0.5013, 16.5110
0.070, 0.5009, 16.3770
0.071, 0.4983, 16.1072
0.072, 0.4998, 15.9674
0.073, 0.5015, 15.7639
0.074, 0.5007, 15.6679
0.075, 0.4998, 15.4329
0.076, 0.5022, 15.2115
0.077, 0.5018, 15.0260
0.078, 0.4990, 14.8904
0.079, 0.5017, 14.7066
0.080, 0.4986, 14.5781
0.081, 0.4995, 14.3987
0.082, 0.4983, 14.2610
0.083, 0.4997, 14.2013
0.084, 0.4973, 14.0848
0.085, 0.4999, 13.7993
0.086, 0.4997, 13.7232
0.087, 0.4979, 13.5570
0.088, 0.4995, 13.4926
0.089, 0.4996, 13.3041
0.090, 0.4986, 13.2121
0.091, 0.4982, 13.0729
0.092, 0.5002, 13.0080
0.093, 0.5004, 12.7985
0.094, 0.4990, 12.8177
0.095, 0.5025, 12.6521
0.096, 0.4959, 12.5177
0.097, 0.5025, 12.4506
0.098, 0.5006, 12.3139
0.099, 0.4976, 12.2549
0.100, 0.5026, 12.1683
0.101, 0.4995, 12.0960
0.102, 0.5001, 11.9660
0.103, 0.4973, 11.8606
0.104, 0.4991, 11.6992
0.105, 0.4987, 11.6683
0.106, 0.4995, 11.5832
0.107, 0.4996, 11.4626
0.108, 0.5010, 11.4010
0.109, 0.5026, 11.3066
0.110, 0.4991, 11.1652
0.111, 0.4982, 11.1415
0.112, 0.4994, 11.0946
0.113, 0.5003, 11.0115
0.114, 0.4992, 10.9249
0.115, 0.4996, 10.8102
0.116, 0.4986, 10.7654
0.117, 0.5005, 10.7512
0.118, 0.5021, 10.6097
0.119, 0.5028, 10.5661
0.120, 0.4999, 10.4696
0.121, 0.5014, 10.4231
0.122, 0.5030, 10.3132
0.123, 0.4994, 10.2791
0.124, 0.5002, 10.2538
0.125, 0.4987, 10.1553
0.126, 0.5009, 10.0934
0.127, 0.5031, 10.0135
0.128, 0.4978, 9.9989
0.129, 0.5008, 9.8871
0.130, 0.4975, 9.8534
0.131, 0.5024, 9.7787
0.132, 0.5011, 9.7605
0.133, 0.4970, 9.6611
0.134, 0.5013, 9.5874
0.135, 0.5016, 9.5606
0.136, 0.5009, 9.4995
0.137, 0.5002, 9.4670
0.138, 0.5023, 9.4183
0.139, 0.5005, 9.3369
0.140, 0.4983, 9.2909
0.141, 0.5004, 9.2368
0.142, 0.4995, 9.2001
0.143, 0.5005, 9.1805
0.144, 0.4979, 9.0936
0.145, 0.5006, 9.0681
0.146, 0.5027, 8.9821
0.147, 0.4983, 8.9637
0.148, 0.5020, 8.9072
0.149, 0.5008, 8.9104
0.150, 0.5000, 8.8533
0.151, 0.5015, 8.7599
0.152, 0.5008, 8.7503
0.153, 0.4986, 8.7080
0.154, 0.4985, 8.7182
0.155, 0.4986, 8.6247
0.156, 0.5015, 8.5867
0.157, 0.4991, 8.5784
0.158, 0.4988, 8.5172
0.159, 0.5001, 8.4839
0.160, 0.4995, 8.4170
0.161, 0.4982, 8.3912
0.162, 0.4999, 8.3644
0.163, 0.4985, 8.3070
0.164, 0.5014, 8.2726
0.165, 0.5003, 8.2589
0.166, 0.4989, 8.2253
0.167, 0.4986, 8.1876
0.168, 0.5000, 8.1326
0.169, 0.4992, 8.0869
0.170, 0.4999, 8.0835
0.171, 0.5001, 8.0417
0.172, 0.4998, 8.0096
0.173, 0.5010, 7.9705
0.174, 0.4994, 7.9496
0.175, 0.5016, 7.9206
0.176, 0.4965, 7.9355
0.177, 0.5010, 7.8609
0.178, 0.4979, 7.8474
0.179, 0.4998, 7.8096
0.180, 0.5011, 7.7608
0.181, 0.5016, 7.7394
0.182, 0.4979, 7.7394
0.183, 0.4981, 7.6855
0.184, 0.4993, 7.6477
0.185, 0.4985, 7.6319
0.186, 0.5001, 7.6076
0.187, 0.4998, 7.5910
0.188, 0.5031, 7.5332
0.189, 0.4986, 7.5444
0.190, 0.5004, 7.5162
0.191, 0.5025, 7.4666
0.192, 0.4991, 7.4456
0.193, 0.4991, 7.4220
0.194, 0.4995, 7.3973
0.195, 0.5015, 7.3817
0.196, 0.4988, 7.3422
0.197, 0.4991, 7.3043
0.198, 0.4975, 7.2710
0.199, 0.4994, 7.2883
0.200, 0.4965, 7.2683
0.201, 0.4994, 7.2399
0.202, 0.5002, 7.2139
0.203, 0.4978, 7.1872
0.204, 0.4975, 7.1774
0.205, 0.5019, 7.1620
0.206, 0.4984, 7.1286
0.207, 0.5001, 7.0755
0.208, 0.5016, 7.0598
0.209, 0.5009, 7.0302
0.210, 0.4988, 7.0186
0.211, 0.4987, 7.0047
0.212, 0.5001, 6.9811
0.213, 0.5013, 6.9441
0.214, 0.4999, 6.9593
0.215, 0.5032, 6.9210
0.216, 0.5006, 6.8916
0.217, 0.4989, 6.8610
0.218, 0.4988, 6.8369
0.219, 0.5034, 6.8502
0.220, 0.5014, 6.8235
0.221, 0.4984, 6.8136
0.222, 0.4992, 6.7967
0.223, 0.5012, 6.7796
0.224, 0.5004, 6.7384
0.225, 0.4961, 6.7427
0.226, 0.4992, 6.7295
0.227, 0.5006, 6.7114
0.228, 0.4971, 6.6884
0.229, 0.5000, 6.6388
0.230, 0.5007, 6.6302
0.231, 0.5023, 6.6285
0.232, 0.4982, 6.6220
0.233, 0.5006, 6.6197
0.234, 0.5000, 6.5709
0.235, 0.4974, 6.5626
0.236, 0.5024, 6.5450
0.237, 0.4999, 6.5310
0.238, 0.4997, 6.5151
0.239, 0.5013, 6.5126
0.240, 0.5010, 6.5039
0.241, 0.5011, 6.4597
0.242, 0.5032, 6.4513
0.243, 0.5012, 6.4399
0.244, 0.4984, 6.4231
0.245, 0.5002, 6.4255
0.246, 0.4990, 6.3874
0.247, 0.5021, 6.3823
0.248, 0.5007, 6.3546
0.249, 0.4996, 6.3556
0.250, 0.5000, 6.3431
0.251, 0.4980, 6.3061
0.252, 0.4989, 6.3078
0.253, 0.5021, 6.2818
0.254, 0.4986, 6.2776
0.255, 0.4974, 6.2706
0.256, 0.4974, 6.2359
0.257, 0.5026, 6.2320
0.258, 0.4983, 6.2063
0.259, 0.5002, 6.2248
0.260, 0.4991, 6.1923
0.261, 0.4965, 6.1672
0.262, 0.5009, 6.1689
0.263, 0.5021, 6.1309
0.264, 0.4993, 6.1373
0.265, 0.5002, 6.1538
0.266, 0.5000, 6.1284
0.267, 0.4999, 6.1289
0.268, 0.5001, 6.0990
0.269, 0.5015, 6.0891
0.270, 0.5005, 6.0885
0.271, 0.5020, 6.0680
0.272, 0.5010, 6.0601
0.273, 0.4996, 6.0582
0.274, 0.5007, 6.0415
0.275, 0.5001, 6.0156
0.276, 0.5005, 6.0086
0.277, 0.5013, 5.9820
0.278, 0.5006, 5.9639
0.279, 0.4984, 5.9606
0.280, 0.5003, 5.9504
0.281, 0.5016, 5.9484
0.282, 0.5006, 5.9438
0.283, 0.4998, 5.9383
0.284, 0.4978, 5.9409
0.285, 0.5000, 5.9103
0.286, 0.5030, 5.8901
0.287, 0.5010, 5.8934
0.288, 0.5015, 5.8890
0.289, 0.4976, 5.8750
0.290, 0.5009, 5.8653
0.291, 0.5007, 5.8244
0.292, 0.4966, 5.8291
0.293, 0.5008, 5.8411
0.294, 0.4996, 5.7993
0.295, 0.5006, 5.8022
0.296, 0.5004, 5.7882
0.297, 0.4988, 5.8220
0.298, 0.4990, 5.7858
0.299, 0.5006, 5.7586
0.300, 0.5020, 5.7580
0.301, 0.4999, 5.7428
0.302, 0.5019, 5.7312
0.303, 0.4994, 5.7467
0.304, 0.5013, 5.7279
0.305, 0.5045, 5.7017
0.306, 0.4998, 5.6992
0.307, 0.5014, 5.6843
0.308, 0.5027, 5.6807
0.309, 0.5022, 5.6749
0.310, 0.4984, 5.6814
0.311, 0.4975, 5.6671
0.312, 0.4988, 5.6680
0.313, 0.4988, 5.6422
0.314, 0.4999, 5.6491
0.315, 0.5023, 5.6500
0.316, 0.4964, 5.6389
0.317, 0.5009, 5.6243
0.318, 0.4995, 5.6234
0.319, 0.5017, 5.6079
0.320, 0.5026, 5.6061
0.321, 0.5005, 5.5780
0.322, 0.4985, 5.5816
0.323, 0.5004, 5.5648
0.324, 0.4995, 5.5491
0.325, 0.4993, 5.5816
0.326, 0.4991, 5.5563
0.327, 0.4978, 5.5360
0.328, 0.5007, 5.5380
0.329, 0.5022, 5.5277
0.330, 0.5018, 5.5449
0.331, 0.5018, 5.5142
0.332, 0.4994, 5.5130
0.333, 0.4999, 5.5017
0.334, 0.5017, 5.5075
0.335, 0.4998, 5.4885
0.336, 0.4982, 5.4706
0.337, 0.5023, 5.4761
0.338, 0.5035, 5.4765
0.339, 0.4993, 5.4617
0.340, 0.5008, 5.4726
0.341, 0.4979, 5.4645
0.342, 0.4978, 5.4606
0.343, 0.5018, 5.4290
0.344, 0.5000, 5.4391
0.345, 0.5030, 5.4380
0.346, 0.5000, 5.4083
0.347, 0.4985, 5.4236
0.348, 0.5003, 5.4058
0.349, 0.5006, 5.3854
0.350, 0.5002, 5.3782
0.351, 0.5028, 5.3894
0.352, 0.4989, 5.3854
0.353, 0.4978, 5.3737
0.354, 0.5036, 5.3700
0.355, 0.4997, 5.3621
0.356, 0.4990, 5.3682
0.357, 0.5013, 5.3552
0.358, 0.5009, 5.3614
0.359, 0.5008, 5.3563
0.360, 0.4967, 5.3473
0.361, 0.4977, 5.3276
0.362, 0.5005, 5.3393
0.363, 0.5008, 5.3335
0.364, 0.4998, 5.3164
0.365, 0.4994, 5.2994
0.366, 0.5028, 5.3288
0.367, 0.5001, 5.3072
0.368, 0.4989, 5.3087
0.369, 0.4994, 5.2966
0.370, 0.5004, 5.2979
0.371, 0.5012, 5.2824
0.372, 0.4991, 5.2772
0.373, 0.5009, 5.2718
0.374, 0.4998, 5.2739
0.375, 0.5012, 5.2808
0.376, 0.5030, 5.2432
0.377, 0.4981, 5.2366
0.378, 0.4994, 5.2596
0.379, 0.4998, 5.2562
0.380, 0.5010, 5.2435
0.381, 0.5013, 5.2553
0.382, 0.5019, 5.2250
0.383, 0.4973, 5.2346
0.384, 0.4995, 5.2121
0.385, 0.4996, 5.2207
0.386, 0.4983, 5.2294
0.387, 0.4998, 5.2270
0.388, 0.4993, 5.2189
0.389, 0.4975, 5.2053
0.390, 0.4999, 5.2168
0.391, 0.4987, 5.1998
0.392, 0.5017, 5.1988
0.393, 0.4993, 5.1911
0.394, 0.4999, 5.1915
0.395, 0.4975, 5.1950
0.396, 0.4983, 5.1725
0.397, 0.4980, 5.1713
0.398, 0.4988, 5.1914
0.399, 0.4983, 5.1737
0.400, 0.4990, 5.1826
0.401, 0.4993, 5.1663
0.402, 0.5018, 5.1570
0.403, 0.4976, 5.1487
0.404, 0.4985, 5.1518
0.405, 0.5000, 5.1594
0.406, 0.5017, 5.1622
0.407, 0.5003, 5.1336
0.408, 0.4986, 5.1427
0.409, 0.4998, 5.1292
0.410, 0.5028, 5.1315
0.411, 0.5027, 5.1315
0.412, 0.5016, 5.1217
0.413, 0.5012, 5.1269
0.414, 0.4991, 5.1107
0.415, 0.5023, 5.1259
0.416, 0.5005, 5.1296
0.417, 0.5015, 5.1132
0.418, 0.5004, 5.1237
0.419, 0.4981, 5.1030
0.420, 0.5000, 5.1137
0.421, 0.5019, 5.1003
0.422, 0.4994, 5.0966
0.423, 0.4989, 5.1015
0.424, 0.4999, 5.0982
0.425, 0.5021, 5.0897
0.426, 0.4999, 5.1012
0.427, 0.4984, 5.0777
0.428, 0.5029, 5.0791
0.429, 0.5001, 5.0900
0.430, 0.5011, 5.1062
0.431, 0.4998, 5.0779
0.432, 0.4986, 5.0907
0.433, 0.5015, 5.0787
0.434, 0.5029, 5.0757
0.435, 0.5012, 5.0544
0.436, 0.5027, 5.0560
0.437, 0.5029, 5.0579
0.438, 0.4969, 5.0458
0.439, 0.5003, 5.0482
0.440, 0.4980, 5.0623
0.441, 0.4995, 5.0572
0.442, 0.5008, 5.0498
0.443, 0.4980, 5.0525
0.444, 0.5016, 5.0358
0.445, 0.5039, 5.0579
0.446, 0.5013, 5.0495
0.447, 0.4998, 5.0528
0.448, 0.5011, 5.0525
0.449, 0.4995, 5.0528
0.450, 0.4985, 5.0244
0.451, 0.5036, 5.0464
0.452, 0.4989, 5.0446
0.453, 0.5001, 5.0297
0.454, 0.4993, 5.0359
0.455, 0.4989, 5.0405
0.456, 0.5018, 5.0384
0.457, 0.4984, 5.0261
0.458, 0.4986, 5.0141
0.459, 0.5011, 5.0249
0.460, 0.4999, 5.0246
0.461, 0.4982, 5.0175
0.462, 0.4996, 5.0143
0.463, 0.5003, 5.0200
0.464, 0.5002, 5.0140
0.465, 0.4997, 5.0079
0.466, 0.5034, 5.0310
0.467, 0.5005, 5.0224
0.468, 0.5001, 5.0106
0.469, 0.5004, 5.0187
0.470, 0.4994, 5.0092
0.471, 0.5040, 5.0137
0.472, 0.4993, 5.0137
0.473, 0.5012, 5.0082
0.474, 0.5001, 4.9991
0.475, 0.5005, 5.0138
0.476, 0.4993, 5.0085
0.477, 0.5003, 5.0147
0.478, 0.5001, 4.9968
0.479, 0.4995, 5.0065
0.480, 0.5014, 4.9920
0.481, 0.5030, 4.9987
0.482, 0.5006, 5.0156
0.483, 0.4988, 4.9999
0.484, 0.4998, 5.0086
0.485, 0.4990, 5.0056
0.486, 0.5030, 4.9949
0.487, 0.4998, 4.9929
0.488, 0.4997, 5.0059
0.489, 0.5003, 5.0088
0.490, 0.4972, 4.9862
0.491, 0.5011, 5.0052
0.492, 0.5009, 5.0052
0.493, 0.5003, 4.9881
0.494, 0.4993, 4.9965
0.495, 0.5008, 5.0131
0.496, 0.4972, 4.9959
0.497, 0.4993, 5.0015
0.498, 0.5001, 5.0093
0.499, 0.5029, 4.9923
0.500, 0.5016, 4.9939
0.501, 0.4978, 5.0042
0.502, 0.4983, 5.0034
0.503, 0.5026, 5.0092
0.504, 0.5007, 4.9884
0.505, 0.4995, 4.9895
0.506, 0.5012, 5.0100
0.507, 0.5027, 5.0060
0.508, 0.4999, 4.9881
0.509, 0.4997, 5.0133
0.510, 0.4986, 5.0084
0.511, 0.5029, 4.9977
0.512, 0.4969, 5.0147
0.513, 0.4958, 5.0124
0.514, 0.4997, 5.0202
0.515, 0.5018, 4.9987
0.516, 0.4989, 4.9970
0.517, 0.5022, 4.9797
0.518, 0.4974, 5.0063
0.519, 0.5007, 5.0029
0.520, 0.5017, 5.0080
0.521, 0.4991, 5.0161
0.522, 0.4998, 4.9965
0.523, 0.5033, 5.0153
0.524, 0.4995, 5.0158
0.525, 0.4990, 5.0178
0.526, 0.5003, 5.0003
0.527, 0.4965, 5.0081
0.528, 0.5012, 5.0108
0.529, 0.4982, 5.0075
0.530, 0.4964, 5.0247
0.531, 0.4995, 5.0132
0.532, 0.4989, 5.0286
0.533, 0.5011, 5.0102
0.534, 0.5002, 5.0139
0.535, 0.4994, 5.0416
0.536, 0.5003, 5.0164
0.537, 0.5021, 5.0091
0.538, 0.4983, 5.0188
0.539, 0.5016, 5.0371
0.540, 0.5024, 5.0355
0.541, 0.5000, 5.0379
0.542, 0.5036, 5.0427
0.543, 0.4979, 5.0289
0.544, 0.4996, 5.0295
0.545, 0.4976, 5.0384
0.546, 0.4996, 5.0323
0.547, 0.4991, 5.0338
0.548, 0.4987, 5.0271
0.549, 0.4987, 5.0370
0.550, 0.4992, 5.0575
0.551, 0.4988, 5.0366
0.552, 0.5019, 5.0539
0.553, 0.5008, 5.0406
0.554, 0.4994, 5.0596
0.555, 0.4977, 5.0474
0.556, 0.4991, 5.0608
0.557, 0.4993, 5.0421
0.558, 0.4968, 5.0425
0.559, 0.4989, 5.0705
0.560, 0.5007, 5.0372
0.561, 0.5010, 5.0691
0.562, 0.5003, 5.0724
0.563, 0.4995, 5.0817
0.564, 0.5010, 5.0670
0.565, 0.5006, 5.0841
0.566, 0.5000, 5.0645
0.567, 0.4985, 5.0623
0.568, 0.5014, 5.0822
0.569, 0.5022, 5.0803
0.570, 0.5005, 5.0916
0.571, 0.5005, 5.1020
0.572, 0.4995, 5.0854
0.573, 0.4990, 5.0877
0.574, 0.5001, 5.0875
0.575, 0.4994, 5.0884
0.576, 0.5030, 5.0816
0.577, 0.5006, 5.1017
0.578, 0.5016, 5.0937
0.579, 0.5021, 5.0988
0.580, 0.5013, 5.1064
0.581, 0.5000, 5.1184
0.582, 0.5004, 5.1022
0.583, 0.5005, 5.1126
0.584, 0.5014, 5.1088
0.585, 0.4999, 5.1263
0.586, 0.5002, 5.1111
0.587, 0.5026, 5.1313
0.588, 0.4976, 5.1302
0.589, 0.4999, 5.1305
0.590, 0.4994, 5.1289
0.591, 0.5004, 5.1443
0.592, 0.4963, 5.1248
0.593, 0.4999, 5.1399
0.594, 0.4980, 5.1399
0.595, 0.4992, 5.1514
0.596, 0.5021, 5.1468
0.597, 0.5011, 5.1544
0.598, 0.4993, 5.1603
0.599, 0.4979, 5.1638
0.600, 0.4983, 5.1614
0.601, 0.4997, 5.1692
0.602, 0.4970, 5.1663
0.603, 0.4998, 5.1733
0.604, 0.4985, 5.1759
0.605, 0.4994, 5.1957
0.606, 0.4969, 5.1985
0.607, 0.4983, 5.1793
0.608, 0.5000, 5.1876
0.609, 0.5030, 5.1922
0.610, 0.4980, 5.2010
0.611, 0.4995, 5.2001
0.612, 0.5017, 5.2074
0.613, 0.5032, 5.2261
0.614, 0.4971, 5.2289
0.615, 0.5034, 5.2070
0.616, 0.5016, 5.2308
0.617, 0.4988, 5.2356
0.618, 0.5017, 5.2384
0.619, 0.4995, 5.2334
0.620, 0.5036, 5.2600
0.621, 0.5000, 5.2428
0.622, 0.5019, 5.2334
0.623, 0.4990, 5.2590
0.624, 0.4987, 5.2608
0.625, 0.5005, 5.2578
0.626, 0.4999, 5.2630
0.627, 0.4982, 5.2689
0.628, 0.5011, 5.2770
0.629, 0.5006, 5.2862
0.630, 0.5005, 5.2976
0.631, 0.5005, 5.3090
0.632, 0.5040, 5.3081
0.633, 0.4997, 5.3022
0.634, 0.4985, 5.3134
0.635, 0.4988, 5.3093
0.636, 0.4990, 5.3035
0.637, 0.4983, 5.3346
0.638, 0.5000, 5.3263
0.639, 0.5010, 5.3369
0.640, 0.5013, 5.3506
0.641, 0.5012, 5.3675
0.642, 0.5023, 5.3647
0.643, 0.5001, 5.3623
0.644, 0.4987, 5.3673
0.645, 0.5005, 5.3944
0.646, 0.4998, 5.3740
0.647, 0.5014, 5.3892
0.648, 0.5020, 5.3991
0.649, 0.5021, 5.3931
0.650, 0.4961, 5.3872
0.651, 0.5025, 5.4089
0.652, 0.4978, 5.4067
0.653, 0.4995, 5.4240
0.654, 0.4998, 5.4228
0.655, 0.5007, 5.4285
0.656, 0.5017, 5.4397
0.657, 0.4990, 5.4329
0.658, 0.5004, 5.4436
0.659, 0.5023, 5.4441
0.660, 0.5010, 5.4463
0.661, 0.4996, 5.4627
0.662, 0.4972, 5.4814
0.663, 0.4998, 5.4750
0.664, 0.5015, 5.5012
0.665, 0.5024, 5.4923
0.666, 0.4995, 5.4980
0.667, 0.5001, 5.5187
0.668, 0.4996, 5.5164
0.669, 0.4994, 5.5018
0.670, 0.5004, 5.5287
0.671, 0.5027, 5.5435
0.672, 0.4994, 5.5343
0.673, 0.5007, 5.5542
0.674, 0.5004, 5.5396
0.675, 0.4987, 5.5752
0.676, 0.5002, 5.5723
0.677, 0.4986, 5.5536
0.678, 0.4990, 5.5655
0.679, 0.5001, 5.5943
0.680, 0.5006, 5.5857
0.681, 0.4984, 5.6001
0.682, 0.4990, 5.6115
0.683, 0.4995, 5.6173
0.684, 0.5018, 5.6172
0.685, 0.4995, 5.6126
0.686, 0.5013, 5.6393
0.687, 0.4983, 5.6358
0.688, 0.5019, 5.6651
0.689, 0.5011, 5.6437
0.690, 0.4991, 5.6617
0.691, 0.4998, 5.6938
0.692, 0.5031, 5.6945
0.693, 0.4989, 5.6973
0.694, 0.5007, 5.7067
0.695, 0.4998, 5.7348
0.696, 0.4985, 5.7425
0.697, 0.4972, 5.7311
0.698, 0.5025, 5.7341
0.699, 0.5020, 5.7696
0.700, 0.5014, 5.7637
0.701, 0.4999, 5.7652
0.702, 0.5019, 5.7761
0.703, 0.4983, 5.7843
0.704, 0.4972, 5.7883
0.705, 0.5005, 5.8200
0.706, 0.5031, 5.8187
0.707, 0.5000, 5.8176
0.708, 0.4994, 5.8430
0.709, 0.5023, 5.8544
0.710, 0.4994, 5.8463
0.711, 0.5014, 5.8893
0.712, 0.4991, 5.8807
0.713, 0.5005, 5.8937
0.714, 0.4985, 5.9086
0.715, 0.5017, 5.8908
0.716, 0.4970, 5.9239
0.717, 0.4998, 5.9115
0.718, 0.4981, 5.9388
0.719, 0.5029, 5.9621
0.720, 0.4976, 5.9501
0.721, 0.4985, 5.9672
0.722, 0.5006, 5.9779
0.723, 0.5000, 6.0043
0.724, 0.4977, 6.0274
0.725, 0.4986, 6.0172
0.726, 0.4981, 6.0272
0.727, 0.5013, 6.0426
0.728, 0.5007, 6.0489
0.729, 0.5012, 6.0608
0.730, 0.5001, 6.0796
0.731, 0.5024, 6.0915
0.732, 0.5009, 6.1265
0.733, 0.4984, 6.1226
0.734, 0.4980, 6.1006
0.735, 0.5000, 6.1453
0.736, 0.5002, 6.1377
0.737, 0.4992, 6.1732
0.738, 0.4997, 6.1736
0.739, 0.4985, 6.1870
0.740, 0.5012, 6.1714
0.741, 0.5004, 6.2102
0.742, 0.4993, 6.2233
0.743, 0.5001, 6.2265
0.744, 0.4983, 6.2389
0.745, 0.4993, 6.2794
0.746, 0.5017, 6.2995
0.747, 0.4978, 6.2852
0.748, 0.5002, 6.3304
0.749, 0.4982, 6.3324
0.750, 0.5012, 6.3333
0.751, 0.5010, 6.3600
0.752, 0.4998, 6.3343
0.753, 0.5004, 6.3686
0.754, 0.5019, 6.3866
0.755, 0.4987, 6.3951
0.756, 0.5011, 6.4207
0.757, 0.5015, 6.4376
0.758, 0.4999, 6.4476
0.759, 0.5038, 6.4482
0.760, 0.4994, 6.4811
0.761, 0.5047, 6.5242
0.762, 0.4998, 6.5147
0.763, 0.5002, 6.5607
0.764, 0.4985, 6.5471
0.765, 0.5021, 6.5684
0.766, 0.5009, 6.5817
0.767, 0.4995, 6.5956
0.768, 0.5014, 6.6156
0.769, 0.4997, 6.5958
0.770, 0.5015, 6.6390
0.771, 0.5014, 6.6517
0.772, 0.5000, 6.6801
0.773, 0.4990, 6.6879
0.774, 0.5004, 6.7321
0.775, 0.4999, 6.7556
0.776, 0.4968, 6.7421
0.777, 0.4986, 6.7646
0.778, 0.4985, 6.7979
0.779, 0.4996, 6.7944
0.780, 0.4992, 6.8175
0.781, 0.5003, 6.8644
0.782, 0.5013, 6.8679
0.783, 0.4973, 6.8827
0.784, 0.5016, 6.9177
0.785, 0.4974, 6.9250
0.786, 0.4990, 6.9275
0.787, 0.5005, 6.9848
0.788, 0.4996, 6.9659
0.789, 0.5011, 7.0152
0.790, 0.5016, 7.0154
0.791, 0.5016, 7.0371
0.792, 0.4991, 7.0555
0.793, 0.5001, 7.1163
0.794, 0.5000, 7.1357
0.795, 0.5018, 7.1192
0.796, 0.4993, 7.1384
0.797, 0.5011, 7.1725
0.798, 0.4971, 7.2250
0.799, 0.4988, 7.2075
0.800, 0.4981, 7.2605
0.801, 0.4988, 7.2667
0.802, 0.4997, 7.3091
0.803, 0.4999, 7.3245
0.804, 0.5003, 7.3476
0.805, 0.4998, 7.3842
0.806, 0.5012, 7.3760
0.807, 0.4988, 7.4118
0.808, 0.4991, 7.4615
0.809, 0.4986, 7.4690
0.810, 0.5020, 7.4800
0.811, 0.4997, 7.5531
0.812, 0.5007, 7.5496
0.813, 0.5022, 7.5644
0.814, 0.4992, 7.5998
0.815, 0.5015, 7.6409
0.816, 0.4981, 7.6422
0.817, 0.4986, 7.6807
0.818, 0.5026, 7.6747
0.819, 0.4980, 7.7756
0.820, 0.5012, 7.7966
0.821, 0.5008, 7.8057
0.822, 0.5011, 7.8299
0.823, 0.5020, 7.8599
0.824, 0.5000, 7.9168
0.825, 0.4981, 7.9309
0.826, 0.5000, 7.9780
0.827, 0.4970, 7.9653
0.828, 0.4965, 8.0212
0.829, 0.4999, 8.0772
0.830, 0.5001, 8.0738
0.831, 0.4996, 8.1181
0.832, 0.5002, 8.1594
0.833, 0.5019, 8.2112
0.834, 0.5006, 8.2092
0.835, 0.4999, 8.2536
0.836, 0.5021, 8.2662
0.837, 0.5030, 8.3171
0.838, 0.5027, 8.4004
0.839, 0.5005, 8.3868
0.840, 0.4973, 8.4566
0.841, 0.5017, 8.4761
0.842, 0.4974, 8.5131
0.843, 0.5013, 8.5652
0.844, 0.4991, 8.5888
0.845, 0.5010, 8.6027
0.846, 0.5013, 8.6757
0.847, 0.4988, 8.6934
0.848, 0.5020, 8.7815
0.849, 0.5004, 8.8050
0.850, 0.5004, 8.8500
0.851, 0.5008, 8.9285
0.852, 0.5017, 8.9418
0.853, 0.4990, 8.9478
0.854, 0.4981, 8.9793
0.855, 0.4986, 9.0499
0.856, 0.5005, 9.1063
0.857, 0.5009, 9.1490
0.858, 0.5003, 9.2054
0.859, 0.5015, 9.2548
0.860, 0.4990, 9.3063
0.861, 0.5023, 9.3419
0.862, 0.4997, 9.4201
0.863, 0.4974, 9.4717
0.864, 0.4965, 9.4823
0.865, 0.4989, 9.5320
0.866, 0.5022, 9.5865
0.867, 0.5005, 9.6857
0.868, 0.5011, 9.7300
0.869, 0.4989, 9.8090
0.870, 0.4996, 9.8035
0.871, 0.4999, 9.8793
0.872, 0.4982, 10.0030
0.873, 0.4995, 10.0148
0.874, 0.5011, 10.1125
0.875, 0.4990, 10.1527
0.876, 0.5000, 10.1816
0.877, 0.5000, 10.2387
0.878, 0.4986, 10.3195
0.879, 0.5004, 10.3996
0.880, 0.4989, 10.4921
0.881, 0.5008, 10.5263
0.882, 0.5024, 10.5909
0.883, 0.5008, 10.6583
0.884, 0.5007, 10.7620
0.885, 0.5017, 10.8754
0.886, 0.5013, 10.9304
0.887, 0.4974, 10.9765
0.888, 0.4994, 11.0385
0.889, 0.5002, 11.1523
0.890, 0.5020, 11.1761
0.891, 0.5008, 11.3128
0.892, 0.5004, 11.3535
0.893, 0.5007, 11.4299
0.894, 0.4996, 11.5140
0.895, 0.4981, 11.5791
0.896, 0.5008, 11.6627
0.897, 0.4971, 11.8261
0.898, 0.4984, 11.9348
0.899, 0.5005, 12.0399
0.900, 0.5014, 12.1338
0.901, 0.5016, 12.1693
0.902, 0.5006, 12.2435
0.903, 0.5024, 12.3980
0.904, 0.5033, 12.4718
0.905, 0.4980, 12.6212
0.906, 0.4996, 12.7197
0.907, 0.5002, 12.8674
0.908, 0.5035, 12.9648
0.909, 0.5008, 13.1202
0.910, 0.4999, 13.1845
0.911, 0.5001, 13.3686
0.912, 0.4984, 13.4752
0.913, 0.5005, 13.5168
0.914, 0.5018, 13.7100
0.915, 0.5005, 13.8876
0.916, 0.4999, 13.9538
0.917, 0.5015, 14.0723
0.918, 0.5006, 14.2483
0.919, 0.5023, 14.4488
0.920, 0.4994, 14.5152
0.921, 0.4995, 14.7361
0.922, 0.5002, 14.9476
0.923, 0.5045, 14.9936
0.924, 0.5000, 15.2930
0.925, 0.4988, 15.4384
0.926, 0.5009, 15.6068
0.927, 0.5001, 15.8800
0.928, 0.5014, 16.0455
0.929, 0.5023, 16.1093
0.930, 0.5013, 16.4097
0.931, 0.5009, 16.5951
0.932, 0.4991, 16.7618
0.933, 0.5004, 16.9502
0.934, 0.5013, 17.1542
0.935, 0.5012, 17.4885
0.936, 0.4998, 17.7926
0.937, 0.5003, 17.9436
0.938, 0.5002, 18.1854
0.939, 0.4995, 18.4489
0.940, 0.5019, 18.6717
0.941, 0.5015, 19.0282
0.942, 0.5003, 19.2570
0.943, 0.4988, 19.6138
0.944, 0.5025, 19.8984
0.945, 0.4994, 20.3097
0.946, 0.5004, 20.5790
0.947, 0.4986, 21.0001
0.948, 0.5020, 21.2274
0.949, 0.4988, 21.6895
0.950, 0.5002, 22.1467
0.951, 0.5028, 22.3163
0.952, 0.4988, 22.7906
0.953, 0.4988, 23.3215
0.954, 0.4970, 23.7182
0.955, 0.5015, 24.3297
0.956, 0.5017, 24.7224
0.957, 0.4989, 25.2962
0.958, 0.5027, 25.8970
0.959, 0.5005, 26.3736
0.960, 0.4985, 27.0950
0.961, 0.4994, 27.7351
0.962, 0.5010, 28.2584
0.963, 0.5016, 29.1200
0.964, 0.5011, 29.7751
0.965, 0.5005, 30.5306
0.966, 0.4979, 31.6257
0.967, 0.4995, 32.3742
0.968, 0.4971, 33.3662
0.969, 0.5002, 34.3365
0.970, 0.4978, 35.3367
0.971, 0.5007, 36.5940
0.972, 0.5033, 37.7765
0.973, 0.4992, 38.8715
0.974, 0.5016, 40.4822
0.975, 0.5006, 41.9244
0.976, 0.5003, 43.7264
0.977, 0.4998, 45.7642
0.978, 0.5010, 47.4390
0.979, 0.4968, 49.6301
0.980, 0.4980, 51.7099
0.981, 0.4974, 54.8360
0.982, 0.4997, 57.7676
0.983, 0.5003, 60.8722
0.984, 0.5006, 64.3106
0.985, 0.5009, 69.0435
0.986, 0.5005, 73.2473
0.987, 0.4984, 78.8961
0.988, 0.5001, 85.3922
0.989, 0.4990, 93.2697
0.990, 0.5003, 101.9151
0.991, 0.4996, 113.0819
0.992, 0.5009, 126.2963
0.993, 0.4996, 144.1179
0.994, 0.5016, 168.7765
0.995, 0.5029, 201.8017
0.996, 0.5009, 251.1743
0.997, 0.4996, 334.1362
0.998, 0.5039, 501.6987
0.999, 0.5009, 1004.0435
>>> 
